Leg,Timestamp,Phase,Contact
18,28.149,1,0
18,28.405,1,1
18,28.661,1,1
18,28.917,1,1
18,29.173,1,1
18,29.429,1,1
18,29.685,1,1
18,29.941,1,1
18,30.197,1,1
18,30.453,1,1
18,30.709,1,1
18,30.965,1,1
18,31.221,1,1
18,31.477,1,1
18,31.733,1,1
18,31.989,1,1
18,32.501,1,1
18,32.757,1,1
18,33.013,1,1
18,33.269,1,1
18,33.525,1,1
18,33.781,1,1
18,34.037,1,1
18,34.293,0,0
18,34.55,0,0
18,34.806,0,0
18,35.063,0,0
18,35.319,0,0
18,35.575,0,0
18,35.831,0,0
18,36.087,0,0
18,36.343,0,0
18,36.599,0,0
18,36.855,0,0
18,37.111,0,0
18,37.367,0,0
18,37.623,0,0
18,37.879,0,0
18,38.135,0,0
18,38.391,0,0
18,38.647,0,0
18,38.904,0,0
18,39.16,0,0
18,39.417,0,0
18,39.674,0,0
18,39.93,0,0
18,40.186,0,0
18,40.442,0,0
18,40.698,0,0
18,40.954,0,0
18,41.21,0,0
18,41.466,0,0
18,41.723,0,0
18,41.979,0,0
18,42.235,0,0
18,42.491,0,0
18,42.747,0,0
18,43.003,0,0
18,43.259,0,0
18,43.516,0,0
18,43.773,0,0
18,44.029,0,0
18,44.285,0,0
18,44.541,1,1
18,44.797,0,0
18,45.054,0,0
18,45.31,0,0
18,45.566,0,0
18,45.822,0,0
18,46.078,0,0
18,46.334,0,0
18,46.59,0,0
18,46.847,0,0
18,47.103,0,0
18,47.359,0,0
18,47.615,0,0
18,47.871,0,0
18,48.127,0,0
18,48.384,1,1
18,48.64,1,1
18,48.896,1,1
18,49.152,0,0
18,49.408,0,0
18,49.664,0,0
18,50.176,1,1
18,50.433,1,1
18,50.689,0,0
18,50.945,0,0
18,51.201,0,0
18,51.457,0,0
18,51.713,0,0
18,52.225,0,0
18,52.481,0,0
18,52.737,0,0
18,52.993,0,0
18,53.249,0,0
18,53.505,0,0
18,53.761,0,0
18,54.017,0,0
18,54.273,0,0
18,54.529,0,0
18,54.785,0,0
18,55.041,0,0
18,55.297,0,0
18,55.554,0,0
18,55.811,0,0
18,56.067,0,0
18,56.323,0,0
18,56.579,0,0
18,56.836,0,0
18,57.092,1,1
18,57.348,1,1
18,57.604,1,1
18,57.86,1,1
18,58.116,1,1
18,58.373,1,1
18,58.629,1,1
18,58.885,1,1
18,59.141,1,1
18,59.397,1,1
18,59.653,1,1
18,59.911,0,0
18,60.167,0,0
18,60.423,0,0
18,60.679,0,0
18,60.935,0,0
18,61.191,0,0
18,61.448,0,0
18,61.704,0,0
18,61.96,0,0
18,62.216,0,0
18,62.472,0,0
18,62.728,0,0
18,62.984,1,1
18,63.24,1,1
18,63.496,1,1
18,63.752,1,1
18,64.008,1,1
18,64.264,1,1
18,64.52,1,1
18,64.776,1,1
18,65.032,1,1
18,65.288,1,1
18,65.544,1,1
18,65.8,1,1
18,66.056,1,1
18,66.313,1,1
18,66.569,1,1
18,66.825,1,1
18,67.081,1,1
18,67.337,1,1
18,67.593,1,1
18,67.849,0,0
18,68.105,0,0
18,68.361,0,0
18,68.617,0,0
18,68.873,0,0
18,69.129,0,0
18,69.385,0,0
18,69.641,0,0
18,69.897,1,1
18,70.153,1,1
18,70.409,1,1
18,70.665,1,1
18,70.921,1,1
18,71.177,1,1
18,71.433,1,1
18,71.689,1,1
18,71.945,1,1
18,72.201,1,1
18,72.457,1,1
18,72.713,1,1
18,72.969,1,1
18,73.225,1,1
18,73.481,1,1
18,73.737,1,1
18,73.993,1,1
18,74.249,1,1
18,74.505,1,1
18,74.761,1,1
18,75.017,1,1
18,75.273,0,0
18,75.529,0,0
18,75.785,0,0
18,76.042,0,0
18,76.298,0,0
18,76.555,0,0
18,76.811,1,1
18,77.067,1,1
18,77.323,1,1
18,77.579,1,1
18,77.835,1,1
18,78.091,1,1
18,78.347,1,1
18,78.603,1,1
18,78.859,1,1
18,79.115,1,1
18,79.371,1,1
18,79.627,1,1
18,79.883,1,1
18,80.139,1,1
18,80.395,1,1
18,80.651,1,1
18,80.907,1,1
18,81.163,1,1
18,81.419,1,1
18,81.675,1,1
18,81.931,0,0
18,82.187,0,0
18,82.443,0,0
18,82.699,0,0
18,82.955,0,0
18,83.211,0,0
18,83.467,0,0
18,83.723,0,0
18,83.979,0,0
18,84.491,1,1
18,84.747,1,0
18,85.003,1,0
18,85.259,1,1
18,85.515,1,1
18,85.771,1,1
18,86.027,1,1
18,86.284,1,1
18,86.54,1,1
18,86.796,1,1
18,87.052,1,1
18,87.308,1,1
18,87.564,1,1
18,87.82,1,1
18,88.076,1,1
18,88.333,1,1
18,88.589,1,1
18,88.845,1,1
18,89.101,1,1
18,89.357,0,0
18,89.613,0,0
18,89.869,0,0
18,90.125,0,0
18,90.381,0,0
18,90.637,0,0
18,90.893,0,0
18,91.149,0,0
18,91.405,0,0
18,91.661,1,1
18,91.917,1,1
18,92.173,1,1
18,92.429,1,1
18,92.685,1,1
18,92.941,1,1
18,93.197,1,1
18,93.453,1,1
18,93.709,1,1
18,93.965,1,1
18,94.221,1,1
18,94.478,1,1
18,94.99,1,1
18,95.246,1,1
18,95.502,1,1
18,95.758,1,1
18,96.27,1,1
18,96.526,1,1
18,96.782,0,0
18,97.038,0,0
18,97.294,0,0
18,97.55,0,0
18,97.806,0,0
18,98.062,0,0
18,98.318,0,0
18,98.574,0,0
18,98.83,0,0
18,99.086,0,0
18,99.342,0,0
18,99.598,0,0
18,99.855,1,1
18,100.111,1,1
18,100.367,1,1
18,100.623,1,1
18,100.879,1,0
18,101.135,1,0
18,101.391,1,0
18,101.647,1,0
18,101.903,1,0
18,102.16,1,0
18,102.416,1,0
18,102.672,1,1
18,102.928,1,1
18,103.184,1,1
18,103.44,1,1
18,103.696,1,1
18,103.952,1,1
18,104.208,1,1
18,104.464,1,1
18,104.72,1,1
18,104.976,1,1
18,105.232,1,1
18,105.488,1,1
18,105.744,1,1
18,106.0,1,1
18,106.256,0,0
18,106.512,0,0
18,106.768,0,0
18,107.024,0,0
18,107.282,0,0
18,107.538,0,0
18,107.794,1,1
18,108.051,1,0
18,108.307,1,0
18,108.563,1,0
18,108.819,1,0
18,109.075,1,0
18,109.331,1,0
18,109.587,1,0
18,109.843,1,0
18,110.099,1,0
18,110.355,1,0
18,110.611,0,0
18,110.867,1,1
18,111.123,0,0
18,111.379,0,0
18,111.635,0,0
18,111.891,0,0
18,112.147,0,0
18,112.403,0,0
18,112.659,0,0
18,113.173,1,1
18,113.43,1,1
18,113.686,1,1
18,113.942,1,1
18,114.198,1,1
18,114.454,1,1
18,114.71,1,1
18,114.966,1,1
18,115.222,1,1
18,115.478,1,1
18,115.734,1,1
18,115.99,1,1
18,116.246,1,1
18,116.502,1,1
18,116.758,0,0
18,117.27,0,0
18,117.526,0,0
18,117.782,0,0
18,118.038,0,0
18,118.294,0,0
18,118.55,0,0
18,118.806,1,0
18,119.318,1,1
18,119.574,1,1
18,119.83,1,1
18,120.086,1,1
18,120.342,1,1
18,120.598,1,1
18,120.854,1,1
18,121.11,1,1
18,121.366,1,1
18,121.622,1,1
18,121.879,1,1
18,122.135,1,1
18,122.391,1,1
18,122.647,1,1
18,122.903,1,1
18,123.159,0,0
18,123.415,0,0
18,123.671,0,0
18,123.927,0,0
18,124.183,0,0
18,124.439,0,0
18,124.695,0,0
18,124.951,1,1
18,125.207,1,1
18,125.719,1,0
18,125.975,1,0
18,126.231,1,0
13,27.895,1,0
13,28.151,1,1
13,28.407,1,1
13,28.663,1,1
13,28.919,1,1
13,29.175,1,1
13,29.431,1,1
13,29.687,1,1
13,29.943,1,1
13,30.199,1,1
13,30.455,0,0
13,30.711,1,1
13,30.967,1,1
13,31.223,1,1
13,31.479,1,1
13,31.735,1,1
13,31.991,1,1
13,32.247,1,1
13,32.503,1,1
13,32.759,1,1
13,33.015,1,1
13,33.271,1,1
13,33.527,1,1
13,33.783,1,1
13,34.039,1,1
13,34.295,1,1
13,34.551,1,1
13,34.807,1,0
13,35.063,1,0
13,35.319,1,0
13,35.575,1,0
13,35.831,1,0
13,36.087,1,0
13,36.343,1,0
13,36.599,1,0
13,36.855,1,0
13,37.111,1,0
13,37.367,1,0
13,37.623,1,0
13,37.879,0,0
13,38.135,0,0
13,38.391,0,0
13,38.647,0,0
13,38.903,0,0
13,39.159,0,0
13,39.415,0,0
13,39.671,0,0
13,39.927,0,0
13,40.183,0,0
13,40.439,0,0
13,40.695,0,0
13,40.951,0,0
13,41.207,0,0
13,41.463,0,0
13,41.719,0,0
13,41.975,0,0
13,42.231,0,0
13,42.487,0,0
13,42.743,1,1
13,42.999,1,1
13,43.255,1,1
13,43.511,1,1
13,43.767,1,1
13,44.023,1,1
13,44.279,1,1
13,44.535,1,1
13,44.791,1,1
13,45.047,1,1
13,45.303,0,0
13,45.561,0,0
13,45.818,0,0
13,46.074,0,0
13,46.33,0,0
13,46.586,0,0
13,46.843,0,0
13,47.099,0,0
13,47.355,0,0
13,47.612,0,0
13,47.868,0,0
13,48.124,1,1
13,48.38,1,1
13,48.636,1,1
13,48.892,1,1
13,49.148,1,1
13,49.404,1,1
13,49.66,1,1
13,49.916,1,1
13,50.172,1,1
13,50.428,1,1
13,50.684,1,1
13,50.94,1,1
13,51.196,1,1
13,51.452,1,1
13,51.708,1,1
13,51.964,1,1
13,52.22,0,0
13,52.476,0,0
13,52.732,0,0
13,52.988,0,0
13,53.244,0,0
13,53.5,0,0
13,53.756,0,0
13,54.012,0,0
13,54.268,0,0
13,54.524,0,0
13,54.78,0,0
13,55.036,1,1
13,55.292,1,1
13,55.548,1,1
13,55.804,1,1
13,56.06,1,1
13,56.316,1,1
13,56.572,1,1
13,56.828,1,1
13,57.084,1,1
13,57.34,1,1
13,57.596,1,1
13,57.852,1,1
13,58.108,1,1
13,58.364,1,1
13,58.621,1,1
13,58.877,1,1
13,59.133,1,1
13,59.389,1,1
13,59.645,1,1
13,59.901,1,1
13,60.157,1,1
13,60.413,1,1
13,60.669,0,0
13,60.925,0,0
13,61.181,0,0
13,61.437,0,0
13,61.693,0,0
13,61.949,0,0
13,62.205,0,0
13,62.461,0,0
13,62.717,0,0
13,62.973,0,0
13,63.229,0,0
13,63.485,0,0
13,63.741,0,0
13,63.997,0,0
13,64.253,0,0
13,64.509,1,1
13,64.765,1,1
13,65.021,1,1
13,65.277,1,1
13,65.533,1,1
13,65.789,1,1
13,66.045,1,1
13,66.301,1,1
13,66.557,1,1
13,66.813,1,1
13,67.325,1,1
13,67.581,1,1
13,67.837,0,0
13,68.093,0,0
13,68.349,0,0
13,68.605,0,0
13,68.862,0,0
13,69.118,0,0
13,69.374,0,0
13,69.63,0,0
13,69.886,0,0
13,70.142,0,0
13,70.398,0,0
13,70.654,0,0
13,70.91,0,0
13,71.166,0,0
13,71.422,1,1
13,71.678,1,1
13,71.934,1,1
13,72.19,1,1
13,72.446,1,1
13,72.702,1,1
13,72.958,1,1
13,73.214,1,1
13,73.47,1,1
13,73.727,1,1
13,73.983,1,1
13,74.24,1,1
13,74.496,1,1
13,74.753,1,1
13,75.009,1,1
13,75.265,1,1
13,75.521,1,1
13,75.777,1,1
13,76.033,0,0
13,76.289,0,0
13,76.545,0,0
13,76.801,0,0
13,77.057,0,0
13,77.313,0,0
13,77.569,0,0
13,77.825,0,0
13,78.081,0,0
13,78.337,0,0
13,78.593,1,1
13,78.849,1,1
13,79.105,1,1
13,79.361,1,1
13,79.617,1,1
13,79.873,1,1
13,80.129,1,1
13,80.385,1,1
13,80.643,1,1
13,80.899,1,1
13,81.155,1,1
13,81.411,1,1
13,81.667,1,1
13,81.923,1,1
13,82.179,0,0
13,82.435,0,0
13,82.691,0,0
13,82.947,0,0
13,83.203,0,0
13,83.459,0,0
13,83.715,0,0
13,83.971,0,0
13,84.227,0,0
13,84.483,0,0
13,84.739,0,0
13,84.996,0,0
13,85.253,1,1
13,85.509,1,1
13,85.765,1,1
13,86.021,1,1
13,86.277,1,1
13,86.533,1,1
13,86.789,1,1
13,87.045,1,1
13,87.301,1,1
13,87.557,1,1
13,87.813,1,1
13,88.069,1,1
13,88.325,1,1
13,88.581,1,1
13,88.837,1,1
13,89.093,1,1
13,89.349,0,0
13,89.605,0,0
13,89.861,0,0
13,90.117,0,0
13,90.373,0,0
13,90.629,0,0
13,90.885,0,0
13,91.141,0,0
13,91.397,0,0
13,91.653,0,0
13,91.909,0,0
13,92.165,0,0
13,92.421,1,1
13,92.677,1,1
13,92.933,1,1
13,93.189,1,1
13,93.445,1,1
13,93.701,1,1
13,93.958,1,1
13,94.215,1,1
13,94.471,1,1
13,94.727,1,1
13,94.983,1,1
13,95.239,1,1
13,95.495,1,1
13,95.751,1,1
13,96.007,1,1
13,96.263,1,1
13,96.519,1,1
13,96.775,1,1
13,97.031,1,1
13,97.287,1,1
13,97.543,1,1
13,97.799,1,0
13,98.055,0,0
13,98.311,0,0
13,98.567,0,0
13,98.823,0,0
13,99.079,0,0
13,99.335,0,0
13,99.591,0,0
13,99.847,0,0
13,100.103,0,0
13,100.359,0,0
13,100.615,0,0
13,100.871,1,1
13,101.127,1,1
13,101.383,1,1
13,101.639,1,1
13,101.896,1,1
13,102.152,1,1
13,102.408,1,1
13,102.664,1,1
13,102.92,1,1
13,103.176,1,1
13,103.432,1,1
13,103.688,1,1
13,103.944,1,1
13,104.2,1,1
13,104.456,1,1
13,104.712,1,1
13,104.968,1,1
13,105.224,1,1
13,105.48,1,1
13,105.736,0,0
13,105.992,0,0
13,106.248,0,0
13,106.504,0,0
13,106.76,0,0
13,107.016,0,0
13,107.272,0,0
13,107.528,0,0
13,107.784,0,0
13,108.04,0,0
13,108.296,1,1
13,108.552,1,1
13,108.808,1,1
13,109.064,1,1
13,109.32,1,1
13,109.576,1,1
13,109.832,1,1
13,110.088,1,1
13,110.344,1,1
13,110.6,1,1
13,110.856,1,1
13,111.112,1,1
13,111.368,1,1
13,111.624,1,1
13,111.88,1,1
13,112.136,1,1
13,112.392,1,1
13,112.648,1,1
13,112.904,1,1
13,113.16,1,1
13,113.416,1,1
13,113.672,1,1
13,113.928,1,1
13,114.184,1,1
13,114.44,1,1
13,114.696,1,1
13,114.952,1,1
13,115.208,0,0
13,115.464,0,0
13,115.72,0,0
13,115.976,0,0
13,116.232,0,0
13,116.488,0,0
13,116.744,0,0
13,117.0,0,0
13,117.256,0,0
13,117.768,0,0
13,118.024,0,0
13,118.281,0,0
13,118.537,0,0
13,118.793,0,0
13,119.049,0,0
13,119.305,1,1
13,119.561,1,1
13,119.817,1,1
13,120.073,1,1
13,120.33,1,1
13,120.586,1,1
13,120.842,1,1
13,121.098,1,1
13,121.354,1,1
13,121.61,1,1
13,121.866,1,1
13,122.122,1,1
13,122.378,1,1
13,122.634,1,1
13,122.89,1,1
13,123.146,1,1
13,123.402,1,1
13,123.658,0,0
13,123.914,0,0
13,124.17,0,0
13,124.426,0,0
13,124.682,0,0
13,124.938,0,0
13,125.194,0,0
13,125.45,0,0
13,125.706,0,0
13,125.962,1,1
13,126.218,1,1
13,126.474,1,1
5,28.148,1,0
5,28.404,1,1
5,28.66,1,1
5,28.916,1,1
5,29.172,1,1
5,29.428,1,1
5,29.684,1,1
5,29.94,1,1
5,30.196,1,1
5,30.452,1,1
5,30.708,1,1
5,30.964,1,1
5,31.22,1,1
5,31.476,1,1
5,31.732,0,0
5,31.988,0,0
5,32.244,0,0
5,32.5,0,0
5,32.756,0,0
5,33.013,0,0
5,33.269,0,0
5,33.525,0,0
5,33.781,0,0
5,34.037,0,0
5,34.293,0,0
5,34.549,0,0
5,34.805,1,1
5,35.061,1,1
5,35.318,1,1
5,35.575,1,1
5,35.831,1,1
5,36.087,1,1
5,36.343,1,1
5,36.599,1,1
5,36.855,1,1
5,37.111,1,1
5,37.367,1,1
5,37.623,1,1
5,37.879,1,1
5,38.137,1,1
5,38.393,0,0
5,38.649,0,0
5,38.905,0,0
5,39.161,0,0
5,39.417,0,0
5,39.673,0,0
5,39.929,0,0
5,40.185,0,0
5,40.441,0,0
5,40.697,0,0
5,40.953,0,0
5,41.209,0,0
5,41.465,0,0
5,41.721,0,0
5,41.977,0,0
5,42.233,0,0
5,42.489,0,0
5,42.745,0,0
5,43.001,0,0
5,43.257,0,0
5,43.513,1,1
5,43.769,1,1
5,44.025,1,1
5,44.281,1,1
5,44.537,1,1
5,44.793,1,1
5,45.049,1,1
5,45.305,1,1
5,45.561,1,1
5,46.073,1,1
5,46.329,1,1
5,46.585,1,1
5,46.841,1,1
5,47.097,1,1
5,47.353,1,1
5,47.609,0,0
5,47.865,0,0
5,48.121,0,0
5,48.377,0,0
5,48.633,0,0
5,48.889,0,0
5,49.145,0,0
5,49.401,0,0
5,49.657,0,0
5,49.913,0,0
5,50.169,0,0
5,50.682,0,0
5,50.938,0,0
5,51.195,0,0
5,51.451,0,0
5,51.707,0,0
5,51.963,0,0
5,52.219,0,0
5,52.475,0,0
5,52.731,0,0
5,52.987,0,0
5,53.243,0,0
5,53.499,0,0
5,54.012,0,0
5,54.268,0,0
5,54.524,0,0
5,54.78,0,0
5,55.036,0,0
5,55.292,0,0
5,55.548,0,0
5,55.804,0,0
5,56.06,0,0
5,56.316,0,0
5,56.572,0,0
5,56.828,0,0
5,57.084,0,0
5,57.34,0,0
5,57.596,0,0
5,57.852,0,0
5,58.108,0,0
5,58.364,0,0
5,58.62,0,0
5,58.876,0,0
5,59.132,0,0
5,59.388,0,0
5,59.645,0,0
5,59.901,0,0
5,60.157,0,0
5,60.413,0,0
5,60.669,0,0
5,60.925,0,0
5,61.181,0,0
5,61.437,0,0
5,61.693,0,0
5,61.949,0,0
5,62.205,0,0
5,62.461,0,0
5,62.717,0,0
5,62.973,1,1
5,63.229,1,1
5,63.485,1,0
5,63.741,1,0
5,63.997,1,0
5,64.253,0,0
5,64.509,0,0
5,64.765,0,0
5,65.021,0,0
5,65.277,0,0
5,65.533,0,0
5,65.79,0,0
5,66.046,0,0
5,66.302,0,0
5,66.558,0,0
5,66.814,0,0
5,67.327,0,0
5,67.583,0,0
5,67.839,0,0
5,68.095,0,0
5,68.351,0,0
5,68.607,0,0
5,68.863,0,0
5,69.119,1,1
5,69.375,1,1
5,69.631,1,1
5,69.887,1,1
5,70.143,1,1
5,70.399,1,1
5,70.655,1,1
5,70.911,1,1
5,71.167,1,1
5,71.423,0,0
5,71.679,0,0
5,71.935,0,0
5,72.191,0,0
5,72.447,0,0
5,72.703,0,0
5,72.959,0,0
5,73.215,0,0
5,73.471,0,0
5,73.727,1,1
5,73.983,1,1
5,74.239,1,1
5,74.495,1,1
5,74.752,1,1
5,75.009,1,1
5,75.265,1,1
5,75.521,1,1
5,75.777,1,1
5,76.033,1,1
5,76.289,1,1
5,76.545,1,1
5,76.801,1,1
5,77.057,1,1
5,77.313,1,1
5,77.569,1,1
5,77.825,1,1
5,78.081,1,1
5,78.337,1,1
5,78.849,1,1
5,79.106,0,0
5,79.362,0,0
5,79.618,0,0
5,79.874,0,0
5,80.13,0,0
5,80.386,0,0
5,80.642,0,0
5,80.898,0,0
5,81.154,0,0
5,81.411,0,0
5,81.667,0,0
5,81.923,0,0
5,82.179,1,1
5,82.435,1,1
5,82.691,1,1
5,82.947,1,1
5,83.203,1,1
5,83.459,1,1
5,83.717,1,1
5,83.973,1,1
5,84.229,1,1
5,84.485,1,1
5,84.741,1,1
5,84.997,1,1
5,85.253,1,1
5,85.509,0,0
5,85.765,0,0
5,86.022,0,0
5,86.278,0,0
5,86.534,0,0
5,86.79,0,0
5,87.046,0,0
5,87.302,0,0
5,87.558,0,0
5,87.814,0,0
5,88.07,0,0
5,88.326,0,0
5,88.582,0,0
5,88.838,0,0
5,89.094,0,0
5,89.35,0,0
5,89.606,0,0
5,89.863,0,0
5,90.12,0,0
5,90.376,0,0
5,90.632,0,0
5,90.888,0,0
5,91.144,0,0
5,91.4,1,1
5,91.656,1,1
5,91.913,1,1
5,92.17,1,1
5,92.426,1,1
5,92.682,0,0
5,92.938,0,0
5,93.194,0,0
5,93.45,0,0
5,93.706,0,0
5,93.962,0,0
5,94.218,0,0
5,94.474,0,0
5,94.73,0,0
5,94.986,0,0
5,95.242,0,0
5,95.498,0,0
5,95.754,0,0
5,96.01,0,0
5,96.266,0,0
5,96.522,0,0
5,96.778,0,0
5,97.034,0,0
5,97.29,0,0
5,97.546,0,0
5,97.802,0,0
5,98.058,0,0
5,98.314,0,0
5,98.57,0,0
5,98.826,0,0
5,99.082,0,0
5,99.338,0,0
5,99.594,0,0
5,99.85,0,0
5,100.107,0,0
5,100.363,0,0
5,100.619,0,0
5,100.875,0,0
5,101.131,0,0
5,101.387,0,0
5,101.643,0,0
5,101.899,0,0
5,102.155,0,0
5,102.411,0,0
5,102.668,0,0
5,102.924,0,0
5,103.18,0,0
5,103.436,0,0
5,103.692,0,0
5,103.948,0,0
5,104.204,0,0
5,104.46,0,0
5,104.716,0,0
5,104.972,0,0
5,105.228,0,0
5,105.484,0,0
5,105.74,0,0
5,106.252,0,0
5,106.508,0,0
5,106.764,0,0
5,107.02,0,0
5,107.276,0,0
5,107.532,0,0
5,107.788,0,0
5,108.044,0,0
5,108.3,0,0
5,108.556,0,0
5,108.812,0,0
5,109.068,0,0
5,109.324,0,0
5,109.58,0,0
5,110.094,0,0
5,110.35,0,0
5,110.606,0,0
5,110.862,0,0
5,111.118,0,0
5,111.374,0,0
5,111.63,0,0
5,111.886,0,0
5,112.142,0,0
5,112.398,0,0
5,112.655,0,0
5,112.911,0,0
5,113.167,0,0
5,113.423,0,0
5,113.679,0,0
5,113.935,0,0
5,114.191,0,0
5,114.447,0,0
5,114.703,0,0
5,114.959,0,0
5,115.215,0,0
5,115.471,0,0
5,115.727,0,0
5,115.983,0,0
5,116.239,0,0
5,116.495,0,0
5,116.751,1,1
5,117.007,1,1
5,117.263,1,1
5,117.519,1,1
5,117.776,1,1
5,118.032,1,1
5,118.288,1,1
5,118.544,1,1
5,118.8,1,1
5,119.056,1,1
5,119.312,1,1
5,119.568,1,1
5,119.824,1,1
5,120.08,0,0
5,120.336,0,0
5,120.592,0,0
5,120.848,0,0
5,121.104,0,0
5,121.36,0,0
5,121.616,0,0
5,121.872,0,0
5,122.128,0,0
5,122.384,0,0
5,122.897,0,0
5,123.153,0,0
5,123.409,1,1
5,123.665,1,1
5,123.921,1,1
5,124.177,1,1
5,124.433,1,1
5,124.689,1,1
5,124.945,1,1
5,125.201,1,1
5,125.457,1,1
5,125.713,1,1
5,125.969,1,1
5,126.225,1,1
2,28.149,1,0
2,28.405,1,1
2,28.661,1,1
2,28.917,1,1
2,29.173,1,1
2,29.429,1,1
2,29.685,0,0
2,29.941,0,0
2,30.197,0,0
2,30.453,0,0
2,30.709,0,0
2,30.965,0,0
2,31.221,0,0
2,31.477,1,1
2,31.989,1,1
2,32.245,1,1
2,32.501,1,1
2,32.757,1,1
2,33.013,1,1
2,33.269,1,1
2,33.526,1,1
2,33.782,1,1
2,34.038,1,1
2,34.294,1,1
2,34.551,1,1
2,34.807,1,1
2,35.063,1,1
2,35.319,1,1
2,35.575,1,1
2,35.831,1,1
2,36.088,1,1
2,36.344,1,1
2,36.601,0,0
2,36.857,0,0
2,37.113,0,0
2,37.369,0,0
2,37.625,0,0
2,37.881,0,0
2,38.137,0,0
2,38.393,0,0
2,38.649,0,0
2,38.905,0,0
2,39.161,1,1
2,39.417,1,1
2,39.673,1,1
2,39.929,1,1
2,40.185,1,1
2,40.441,1,1
2,40.697,1,1
2,40.953,1,1
2,41.209,1,1
2,41.465,1,1
2,41.721,1,1
2,41.977,0,0
2,42.233,0,0
2,42.489,0,0
2,42.745,0,0
2,43.001,0,0
2,43.257,0,0
2,43.513,0,0
2,43.769,0,0
2,44.025,0,0
2,44.281,0,0
2,44.537,1,1
2,44.793,1,1
2,45.049,1,1
2,45.305,1,1
2,45.561,1,1
2,45.818,1,1
2,46.074,1,1
2,46.33,1,1
2,46.586,1,1
2,46.842,1,1
2,47.098,1,1
2,47.354,1,1
2,47.61,1,1
2,47.866,1,1
2,48.122,0,0
2,48.378,0,0
2,48.634,0,0
2,48.89,0,0
2,49.146,0,0
2,49.402,0,0
2,49.658,0,0
2,49.914,0,0
2,50.17,0,0
2,50.426,1,1
2,50.682,1,1
2,50.938,1,1
2,51.194,1,1
2,51.45,1,1
2,51.706,1,1
2,51.962,1,1
2,52.218,1,1
2,52.474,1,1
2,52.73,1,1
2,52.986,1,1
2,53.242,1,1
2,53.498,1,1
2,53.754,1,1
2,54.01,1,1
2,54.266,1,1
2,54.522,1,1
2,54.778,1,1
2,55.035,1,1
2,55.291,1,1
2,55.547,1,1
2,55.804,0,0
2,56.06,0,0
2,56.316,0,0
2,56.572,0,0
2,56.828,0,0
2,57.084,0,0
2,57.34,0,0
2,57.596,0,0
2,57.852,0,0
2,58.108,0,0
2,58.364,0,0
2,58.62,1,1
2,58.876,1,1
2,59.132,1,1
2,59.388,1,1
2,59.644,1,1
2,59.9,1,1
2,60.156,1,1
2,60.413,1,1
2,60.671,1,1
2,60.927,1,1
2,61.183,1,1
2,61.439,1,1
2,61.695,1,1
2,61.951,0,0
2,62.207,0,0
2,62.463,0,0
2,62.719,0,0
2,62.976,0,0
2,63.232,0,0
2,63.488,0,0
2,63.744,0,0
2,64.0,0,0
2,64.257,0,0
2,64.514,0,0
2,64.77,0,0
2,65.026,0,0
2,65.282,1,1
2,65.538,1,1
2,65.794,1,1
2,66.05,1,1
2,66.306,1,1
2,66.563,1,1
2,66.819,1,1
2,67.075,1,1
2,67.331,1,1
2,67.587,0,0
2,67.843,0,0
2,68.099,0,0
2,68.355,0,0
2,68.612,0,0
2,68.868,0,0
2,69.124,0,0
2,69.38,0,0
2,69.636,0,0
2,69.892,1,1
2,70.148,1,1
2,70.404,1,1
2,70.66,1,1
2,70.916,1,1
2,71.173,1,1
2,71.429,1,1
2,71.685,1,1
2,71.941,1,1
2,72.197,1,1
2,72.454,1,1
2,72.711,1,1
2,72.967,0,0
2,73.223,0,0
2,73.479,1,1
2,73.735,1,1
2,73.991,1,1
2,74.247,1,1
2,74.503,0,0
2,74.759,0,0
2,75.015,0,0
2,75.271,1,1
2,75.527,1,1
2,75.783,1,1
2,76.039,1,1
2,76.295,1,1
2,76.551,1,1
2,76.807,1,1
2,77.064,1,1
2,77.32,1,1
2,77.576,1,1
2,77.832,1,1
2,78.088,1,1
2,78.344,0,0
2,78.6,0,0
2,78.856,0,0
2,79.112,0,0
2,79.368,0,0
2,79.624,0,0
2,79.88,0,0
2,80.136,1,1
2,80.392,1,1
2,80.648,1,1
2,80.904,1,1
2,81.16,1,1
2,81.416,1,1
2,81.673,1,1
2,81.929,1,1
2,82.185,1,1
2,82.441,1,1
2,82.697,1,1
2,82.953,1,1
2,83.209,1,1
2,83.465,1,1
2,83.721,1,1
2,83.978,1,1
2,84.234,1,1
2,84.49,1,1
2,84.746,1,1
2,85.002,1,1
2,85.258,0,0
2,85.514,0,0
2,85.77,0,0
2,86.026,0,0
2,86.283,0,0
2,86.539,0,0
2,86.795,0,0
2,87.052,1,1
2,87.308,1,1
2,87.564,1,1
2,87.82,1,1
2,88.076,1,1
2,88.332,1,1
2,88.588,1,1
2,88.844,1,1
2,89.1,1,1
2,89.356,1,1
2,89.614,1,1
2,89.87,1,1
2,90.126,1,1
2,90.383,1,1
2,90.639,1,1
2,90.895,1,1
2,91.151,1,1
2,91.407,1,1
2,91.663,1,1
2,91.919,1,1
2,92.175,1,1
2,92.431,1,1
2,92.687,1,1
2,92.943,0,0
2,93.199,0,0
2,93.455,0,0
2,93.711,0,0
2,93.968,0,0
2,94.224,0,0
2,94.48,0,0
2,94.736,0,0
2,94.992,0,0
2,95.248,0,0
2,95.504,0,0
2,95.76,0,0
2,96.016,0,0
2,96.272,1,1
2,96.528,1,1
2,96.784,1,1
2,97.041,1,1
2,97.297,1,1
2,97.553,1,1
2,97.809,1,1
2,98.065,1,1
2,98.321,1,1
2,98.577,1,1
2,98.833,1,1
2,99.089,1,1
2,99.346,1,1
2,99.602,1,1
2,99.858,1,1
2,100.114,1,1
2,100.37,1,1
2,100.626,1,1
2,100.882,1,1
2,101.138,1,0
2,101.394,0,0
2,101.65,0,0
2,101.906,0,0
2,102.162,0,0
2,102.418,0,0
2,102.674,0,0
2,102.93,0,0
2,103.186,0,0
2,103.442,0,0
2,103.698,0,0
2,103.954,0,0
2,104.21,0,0
2,104.466,1,1
2,104.722,1,1
2,104.978,1,1
2,105.234,1,1
2,105.49,1,1
2,105.746,1,1
2,106.002,1,1
2,106.258,1,1
2,106.514,1,1
2,106.77,1,1
2,107.026,1,1
2,107.282,1,1
2,107.538,1,1
2,107.794,1,1
2,108.05,1,1
2,108.306,1,1
2,108.562,1,1
2,108.818,1,1
2,109.074,1,1
2,109.33,1,1
2,109.586,1,1
2,109.842,0,0
2,110.098,0,0
2,110.355,0,0
2,110.611,0,0
2,110.867,0,0
2,111.123,0,0
2,111.379,0,0
2,111.635,0,0
2,111.891,0,0
2,112.148,0,0
2,112.405,0,0
2,112.661,1,1
2,112.917,1,1
2,113.173,1,1
2,113.429,1,1
2,113.685,1,1
2,113.941,1,1
2,114.197,1,1
2,114.453,1,1
2,114.71,1,1
2,114.966,1,1
2,115.222,1,1
2,115.478,1,1
2,115.734,0,0
2,115.99,0,0
2,116.502,0,0
2,116.758,0,0
2,117.014,0,0
2,117.271,0,0
2,117.527,0,0
2,117.783,0,0
2,118.039,0,0
2,118.295,0,0
2,118.551,1,1
2,118.807,1,1
2,119.063,1,1
2,119.32,1,1
2,119.576,1,1
2,119.832,1,1
2,120.088,1,1
2,120.344,1,1
2,120.6,1,1
2,120.856,1,1
2,121.112,1,1
2,121.368,1,1
2,121.625,0,0
2,121.881,0,0
2,122.137,0,0
2,122.393,0,0
2,122.649,0,0
2,122.905,1,1
2,123.161,1,1
2,123.417,1,1
2,123.673,1,1
2,123.93,1,1
2,124.186,1,1
2,124.442,1,1
2,124.698,1,1
2,124.954,1,1
2,125.21,1,1
2,125.466,1,1
2,125.722,0,0
2,125.978,0,0
2,126.234,0,0
17,27.895,1,0
17,28.151,1,0
17,28.407,1,1
17,28.664,1,1
17,28.92,1,1
17,29.177,1,1
17,29.433,1,1
17,29.945,1,1
17,30.201,1,1
17,30.457,1,1
17,30.713,1,1
17,30.969,0,0
17,31.225,0,0
17,31.481,0,0
17,31.737,0,0
17,31.993,0,0
17,32.249,0,0
17,32.505,0,0
17,32.762,0,0
17,33.018,0,0
17,33.274,0,0
17,33.53,0,0
17,33.786,0,0
17,34.042,0,0
17,34.298,1,1
17,34.554,1,1
17,34.81,1,1
17,35.066,1,1
17,35.322,1,1
17,35.578,1,1
17,35.834,1,1
17,36.09,1,1
17,36.346,1,1
17,36.603,1,1
17,36.859,1,1
17,37.115,1,1
17,37.371,1,1
17,37.627,1,1
17,37.883,1,0
17,38.139,1,0
17,38.395,0,0
17,38.651,0,0
17,38.907,0,0
17,39.163,0,0
17,39.419,0,0
17,39.675,0,0
17,39.931,0,0
17,40.187,0,0
17,40.443,0,0
17,40.955,0,0
17,41.211,0,0
17,41.467,0,0
17,41.723,0,0
17,41.979,0,0
17,42.235,0,0
17,42.491,0,0
17,42.747,0,0
17,43.003,0,0
17,43.259,0,0
17,43.515,0,0
17,43.771,0,0
17,44.027,0,0
17,44.283,0,0
17,44.539,0,0
17,44.795,0,0
17,45.052,0,0
17,45.308,1,1
17,45.564,1,1
17,45.82,1,1
17,46.076,1,1
17,46.332,1,1
17,46.588,1,1
17,46.844,1,1
17,47.1,1,1
17,47.356,1,1
17,47.612,1,1
17,47.869,1,1
17,48.125,0,0
17,48.381,0,0
17,48.637,0,0
17,48.893,0,0
17,49.149,0,0
17,49.405,0,0
17,49.661,0,0
17,49.917,0,0
17,50.173,0,0
17,50.429,0,0
17,50.685,1,1
17,50.941,1,1
17,51.197,1,1
17,51.454,1,1
17,51.71,1,1
17,51.966,1,1
17,52.222,1,1
17,52.478,1,1
17,52.734,1,1
17,52.99,1,1
17,53.246,1,1
17,53.502,1,1
17,53.758,1,1
17,54.014,1,1
17,54.27,1,1
17,54.526,0,0
17,54.782,0,1
17,55.038,1,1
17,55.294,1,1
17,55.55,1,1
17,55.806,1,1
17,56.062,1,1
17,56.318,1,1
17,56.574,1,1
17,56.83,1,1
17,57.086,1,1
17,57.342,1,1
17,57.598,1,1
17,57.854,1,1
17,58.11,1,1
17,58.366,1,1
17,58.622,1,1
17,58.878,1,1
17,59.134,0,0
17,59.39,0,0
17,59.646,0,0
17,59.902,0,0
17,60.158,0,0
17,60.414,0,0
17,60.67,0,0
17,60.926,0,0
17,61.182,0,0
17,61.438,1,1
17,61.694,1,1
17,61.95,1,1
17,62.206,1,1
17,62.462,1,1
17,62.719,1,1
17,62.975,1,1
17,63.231,1,1
17,63.487,1,1
17,63.743,1,1
17,63.999,1,1
17,64.255,1,1
17,64.511,1,1
17,64.767,1,1
17,65.023,1,1
17,65.279,1,1
17,65.535,1,1
17,65.791,1,1
17,66.047,1,1
17,66.303,1,1
17,66.559,1,1
17,66.815,0,0
17,67.071,0,0
17,67.327,0,0
17,67.583,0,0
17,67.839,0,0
17,68.095,0,0
17,68.351,0,0
17,68.607,0,0
17,68.863,0,0
17,69.119,0,0
17,69.375,0,0
17,69.631,1,1
17,70.143,1,1
17,70.399,1,1
17,70.655,1,1
17,70.911,1,1
17,71.167,1,1
17,71.423,1,1
17,71.679,1,1
17,71.935,1,1
17,72.191,1,1
17,72.447,1,1
17,72.703,1,1
17,72.959,1,1
17,73.215,1,1
17,73.472,1,0
17,73.728,0,0
17,73.984,0,0
17,74.24,0,0
17,74.496,0,0
17,74.752,0,0
17,75.008,0,0
17,75.264,1,1
17,75.52,1,1
17,75.776,1,1
17,76.032,1,1
17,76.288,1,1
17,76.544,1,1
17,76.8,1,1
17,77.056,1,1
17,77.312,1,1
17,77.568,1,1
17,77.824,1,1
17,78.081,1,1
17,78.337,1,1
17,78.593,1,1
17,78.849,1,1
17,79.105,1,1
17,79.361,1,1
17,79.617,0,0
17,79.873,0,0
17,80.385,0,0
17,80.641,0,0
17,80.897,0,0
17,81.153,0,0
17,81.41,0,0
17,81.666,0,0
17,81.922,0,0
17,82.178,1,1
17,82.434,1,1
17,82.69,1,1
17,82.946,1,1
17,83.203,1,1
17,83.459,1,1
17,83.715,1,1
17,83.971,1,1
17,84.227,1,1
17,84.483,1,1
17,84.739,1,1
17,84.995,1,1
17,85.251,1,1
17,85.507,1,1
17,85.763,1,1
17,86.019,1,1
17,86.275,1,1
17,86.531,1,1
17,86.787,1,1
17,87.043,1,1
17,87.299,1,1
17,87.555,0,0
17,87.811,0,0
17,88.067,0,0
17,88.323,0,0
17,88.579,0,0
17,88.835,0,0
17,89.091,0,0
17,89.348,1,1
17,89.604,1,1
17,89.86,1,1
17,90.116,1,1
17,90.373,1,1
17,90.629,1,1
17,90.885,1,1
17,91.141,1,1
17,91.397,1,1
17,91.653,1,1
17,91.909,1,1
17,92.165,1,1
17,92.421,1,1
17,92.677,1,1
17,92.933,1,1
17,93.189,1,1
17,93.445,1,1
17,93.702,1,1
17,93.958,1,1
17,94.214,1,1
17,94.47,0,0
17,94.726,0,0
17,94.982,0,0
17,95.238,0,0
17,95.494,0,0
17,95.75,0,0
17,96.007,0,0
17,96.263,0,0
17,96.519,0,0
17,96.775,1,1
17,97.031,1,1
17,97.287,1,1
17,97.543,1,1
17,97.799,1,1
17,98.056,1,1
17,98.313,1,1
17,98.569,1,1
17,98.825,1,1
17,99.081,1,1
17,99.337,1,1
17,99.593,1,1
17,99.849,1,1
17,100.105,1,1
17,100.362,1,1
17,100.618,1,1
17,100.874,1,1
17,101.13,1,1
17,101.386,1,1
17,101.642,1,1
17,101.898,1,1
17,102.154,1,1
17,102.41,1,1
17,102.666,0,0
17,102.922,0,0
17,103.178,0,0
17,103.434,0,0
17,103.69,0,0
17,103.946,1,1
17,104.202,1,1
17,104.458,1,1
17,104.714,1,1
17,104.97,1,1
17,105.226,1,1
17,105.482,1,1
17,105.738,1,1
17,105.995,1,1
17,106.251,1,1
17,106.507,1,1
17,106.763,1,1
17,107.019,1,1
17,107.275,1,1
17,107.531,1,1
17,107.787,1,1
17,108.043,1,1
17,108.299,1,1
17,108.555,1,1
17,108.811,1,1
17,109.067,1,1
17,109.323,1,1
17,109.579,1,1
17,109.835,1,1
17,110.091,0,0
17,110.347,0,0
17,110.603,0,0
17,110.859,0,0
17,111.115,0,0
17,111.371,0,0
17,111.627,0,0
17,111.883,0,0
17,112.139,0,0
17,112.395,0,0
17,112.651,0,0
17,112.907,0,0
17,113.163,0,0
17,113.419,0,0
17,113.675,0,0
17,113.931,0,0
17,114.187,0,0
17,114.443,0,0
17,114.699,0,0
17,114.955,0,0
17,115.211,0,0
17,115.468,0,0
17,115.724,0,0
17,115.98,0,0
17,116.236,1,1
17,116.492,1,0
17,116.748,1,1
17,117.004,1,1
17,117.26,1,1
17,117.516,1,1
17,117.772,1,1
17,118.028,1,1
17,118.284,1,1
17,118.54,1,1
17,118.796,1,1
17,119.308,1,1
17,119.564,1,1
17,119.82,1,1
17,120.076,1,1
17,120.332,1,1
17,120.588,1,1
17,120.844,1,1
17,121.101,0,0
17,121.357,0,0
17,121.613,0,0
17,121.869,0,0
17,122.125,0,0
17,122.381,0,0
17,122.637,0,0
17,122.893,0,0
17,123.149,0,0
17,123.405,0,0
17,123.661,0,0
17,123.917,1,1
17,124.173,1,1
17,124.429,1,1
17,124.685,1,1
17,124.941,1,1
17,125.197,1,1
17,125.453,1,1
17,125.709,1,1
17,125.965,1,1
17,126.223,1,1
19,28.147,1,0
19,28.403,1,1
19,28.66,1,1
19,28.916,1,1
19,29.172,1,1
19,29.428,1,1
19,29.684,1,1
19,29.94,1,1
19,30.196,1,1
19,30.453,1,1
19,30.709,1,1
19,30.965,1,1
19,31.221,1,1
19,31.477,1,1
19,31.733,1,1
19,31.989,1,1
19,32.245,1,1
19,32.501,1,1
19,32.757,1,1
19,33.013,1,1
19,33.269,1,1
19,33.526,1,1
19,33.899,1,1
19,34.155,1,1
19,34.411,1,0
19,34.667,1,0
19,34.923,1,0
19,35.179,1,0
19,35.435,1,1
19,35.691,1,1
19,35.947,1,1
19,36.204,1,1
19,36.461,1,1
19,36.717,1,1
19,36.974,1,1
19,37.23,1,1
19,37.487,1,1
19,37.744,1,1
19,38.0,1,1
19,38.256,1,1
19,38.512,1,1
19,38.768,1,1
19,39.281,1,1
19,39.537,1,1
19,39.793,1,1
19,40.05,1,1
19,40.306,1,1
19,40.562,1,1
19,40.818,1,1
19,41.074,1,1
19,41.33,1,1
19,41.586,1,1
19,41.842,1,1
19,42.098,1,1
19,42.354,1,1
19,42.61,1,1
19,42.866,1,1
19,43.122,1,0
19,43.378,1,0
19,43.634,1,0
19,43.89,0,0
19,44.147,0,0
19,44.403,0,0
19,44.659,0,0
19,44.915,0,0
19,45.171,0,0
19,45.427,0,0
19,45.683,0,0
19,45.939,1,1
19,46.195,1,1
19,46.451,1,1
19,46.708,1,1
19,46.964,1,1
19,47.22,1,1
19,47.476,1,1
19,47.732,1,1
19,47.989,1,1
19,48.245,1,1
19,48.501,1,1
19,48.757,0,0
19,49.013,0,0
19,49.269,0,0
19,49.525,0,0
19,49.781,0,0
19,50.037,0,0
19,50.293,0,0
19,50.549,0,0
19,50.805,0,0
19,51.061,0,0
19,51.317,0,0
19,51.573,0,0
19,51.829,1,1
19,52.085,1,1
19,52.342,1,1
19,52.854,1,1
19,53.11,1,1
19,53.366,1,1
19,53.622,1,1
19,53.878,1,1
19,54.134,1,1
19,54.39,1,1
19,54.647,0,0
19,54.903,0,0
19,55.159,0,0
19,55.415,0,0
19,55.671,0,0
19,55.927,0,0
19,56.183,0,0
19,56.439,0,0
19,56.696,1,1
19,56.952,1,1
19,57.208,1,1
19,57.464,1,1
19,57.72,1,1
19,57.976,1,1
19,58.232,1,1
19,58.488,1,1
19,58.744,1,1
19,59.257,1,1
19,59.513,1,1
19,59.769,1,1
19,60.025,1,1
19,60.281,0,0
19,60.537,0,0
19,60.793,0,0
19,61.051,0,0
19,61.307,0,0
19,61.563,0,0
19,61.819,0,0
19,62.075,0,0
19,62.331,0,0
19,62.587,0,0
19,62.844,0,0
19,63.1,0,0
19,63.356,1,1
19,63.612,1,1
19,63.868,1,1
19,64.124,1,1
19,64.38,1,1
19,64.892,1,1
19,65.148,1,1
19,65.404,1,1
19,65.66,1,1
19,65.916,1,1
19,66.172,1,1
19,66.428,0,0
19,66.684,0,0
19,66.94,0,0
19,67.197,0,0
19,67.453,0,0
19,67.709,0,0
19,67.965,0,0
19,68.221,0,0
19,68.477,0,0
19,68.733,0,0
19,68.989,1,1
19,69.245,1,1
19,69.501,1,1
19,69.757,1,1
19,70.013,1,1
19,70.269,1,1
19,70.525,1,1
19,70.781,1,1
19,71.037,1,1
19,71.293,1,1
19,71.549,1,1
19,71.806,1,1
19,72.062,1,1
19,72.318,1,1
19,72.574,0,0
19,72.83,0,0
19,73.086,0,0
19,73.342,0,0
19,73.598,0,0
19,73.854,0,0
19,74.11,0,0
19,74.366,0,0
19,74.622,0,0
19,74.878,0,0
19,75.134,0,0
19,75.391,1,1
19,75.647,1,1
19,75.903,1,1
19,76.159,1,1
19,76.415,1,1
19,76.671,1,1
19,76.927,1,1
19,77.183,1,1
19,77.439,1,1
19,77.695,1,1
19,77.951,1,1
19,78.208,1,1
19,78.464,1,1
19,78.72,1,1
19,78.976,1,1
19,79.232,1,1
19,79.488,0,0
19,79.744,0,0
19,80.0,0,0
19,80.256,0,0
19,80.512,0,0
19,80.768,0,0
19,81.024,0,0
19,81.28,0,0
19,81.536,0,0
19,81.792,0,0
19,82.048,0,0
19,82.304,0,0
19,82.56,1,1
19,82.816,1,1
19,83.072,1,1
19,83.329,1,1
19,83.586,1,1
19,83.842,1,1
19,84.099,1,1
19,84.355,1,1
19,84.611,1,1
19,84.867,1,1
19,85.123,1,1
19,85.379,1,1
19,85.635,1,1
19,85.891,1,1
19,86.147,0,0
19,86.403,0,0
19,86.659,0,0
19,86.915,0,0
19,87.171,0,0
19,87.427,0,0
19,87.683,0,0
19,87.939,0,0
19,88.195,0,0
19,88.451,0,0
19,88.707,0,0
19,88.963,0,0
19,89.219,1,1
19,89.475,1,1
19,89.731,1,1
19,89.987,1,1
19,90.243,1,1
19,90.499,1,1
19,90.755,1,1
19,91.011,1,1
19,91.267,1,1
19,91.523,1,1
19,91.779,1,1
19,92.035,1,1
19,92.291,1,1
19,92.547,1,1
19,92.803,1,1
19,93.059,1,1
19,93.315,0,0
19,93.571,0,0
19,93.827,0,0
19,94.083,0,0
19,94.339,0,0
19,94.595,0,0
19,94.851,0,0
19,95.107,0,0
19,95.363,0,0
19,95.619,0,0
19,95.875,0,0
19,96.131,0,0
19,96.387,1,1
19,96.643,1,1
19,96.899,1,1
19,97.155,1,1
19,97.411,1,1
19,97.667,1,1
19,97.923,1,1
19,98.179,1,1
19,98.435,1,1
19,98.692,1,1
19,98.948,1,1
19,99.204,1,1
19,99.46,1,1
19,99.716,1,1
19,99.972,1,1
19,100.228,1,1
19,100.484,0,0
19,100.74,0,0
19,100.996,0,0
19,101.252,0,0
19,101.509,0,0
19,101.765,0,0
19,102.021,0,0
19,102.534,0,0
19,102.79,0,0
19,103.046,0,0
19,103.302,0,0
19,103.558,1,1
19,103.815,1,1
19,104.071,1,1
19,104.327,1,1
19,104.583,1,1
19,104.839,1,1
19,105.095,1,1
19,105.351,1,1
19,105.607,1,1
19,105.863,1,1
19,106.119,1,1
19,106.376,1,1
19,106.632,1,1
19,106.888,1,1
19,107.144,1,1
19,107.4,1,1
19,107.656,0,0
19,107.912,0,0
19,108.168,0,0
19,108.425,0,0
19,108.681,0,0
19,108.937,0,0
19,109.193,0,0
19,109.449,0,0
19,109.705,0,0
19,109.961,0,0
19,110.473,0,0
19,110.73,1,1
19,110.986,1,1
19,111.242,1,1
19,111.498,1,1
19,111.754,1,1
19,112.01,1,1
19,112.266,1,1
19,112.522,1,1
19,112.778,1,1
19,113.034,1,1
19,113.29,0,0
19,113.546,0,0
19,113.802,0,0
19,114.058,0,0
19,114.314,0,0
19,114.57,0,0
19,114.826,0,0
19,115.083,0,0
19,115.339,0,0
19,115.595,0,0
19,115.851,1,1
19,116.107,1,1
19,116.363,1,1
19,116.619,1,1
19,116.875,1,1
19,117.131,1,1
19,117.388,1,1
19,117.644,1,1
19,117.9,1,1
19,118.156,1,1
19,118.412,1,1
19,118.668,1,1
19,118.924,0,0
19,119.181,0,0
19,119.437,0,0
19,119.693,0,0
19,119.949,0,0
19,120.205,0,0
19,120.461,0,0
19,120.717,0,0
19,120.973,0,0
19,121.229,1,1
19,121.485,1,1
19,121.742,1,1
19,121.998,1,1
19,122.254,1,1
19,122.51,1,1
19,122.766,1,1
19,123.022,1,1
19,123.278,1,1
19,123.534,1,1
19,123.79,1,1
19,124.047,1,1
19,124.303,1,1
19,124.559,0,0
19,124.815,0,0
19,125.071,0,0
19,125.328,0,0
19,125.584,0,0
19,125.84,0,0
19,126.096,0,0
19,126.352,0,0
